19945
45531
10000
58627
29257
13589
62764
22970
51597
18188
37086
27680
50976
28091
55275
18930
49791
35689
61494
9382
30481
53220
39888
23779
10393
13105
22738
33789
24311
58337
15689
50065
19946
57376
363
33499
16750
14326
61122
53453
23257
56707
57489
4103
44700
5397
19535
8244
23683
30609
32592
11752
38141
32149
11396
63651
830
58756
51479
44202
46796
12923
33933
62963
11397
31271
18369
10496
22774
48164
45305
57380
49350
53951
35254
13746
33164
31586
30702
30813
17095
2189
26490
23697
1339
38999
17558
61019
43941
32084
32050
61826
29759
15542
28424
41790
54169
46999
29669
34986
45244
59164
57097
55488
46347
59266
42377
16118
39320
52659
64341
61011
19624
6575
15905
60046
48682
13912
41557
55219
46704
53560
15222
46820
32855
25313
56433
35545
27903
48840
37948
42603
25604
12381
4963
15720
15746
36517
24228
62015
35807
53322
56637
27653
38937
21458
1445
17963
36086
4908
54530
53290
24989
60116
31638
26086
54174
37890
36354
39778
20741
51893
57289
56950
52622
46200
27234
35085
12256
8007
15430
1294
61003
49638
123
39436
2723
46030
55275
43729
27708
52072
50683
38907
31432
10641
6257
39767
17911
43432
60132
53205
47596
12783
5937
12768
47284
31014
43504
52779
6769
2049
55968
3968
53743
20505
55016
18764
55130
12776
40415
17102
12186
18732
7907
53243
59996
42567
44763
65474
21370
5308
16793
17831
48219
52878
13004
23773
10117
8791
34358
44844
4562
33562
36892
26829
29280
7321
53577
21909
35290
2632
21509
21009
1107
57787
3278
52864
25556
22515
10600
18539
22094
23382
1638
3054
1248
18210
56747
13833
11738
38979
33598
12230
58281
19381
32682
27848
39436
21395
3133
33099
5696
9828
23551
59890
18144
41993
57451
36157
47858
31083
63797
57687
46467
59276
36539
11136
55908
47272
15780
54951
24949
7806
62371
57188
11873
54276
38919
43622
15258
54011
47649
51710
28194
10106
23319
42478
11665
22607
2859
12329
24056
45069
31666
49226
35050
42820
51618
26644
58794
16761
34905
3040
24344
23564
37946
56450
56804
31867
9
31548
49214
25310
51714
46614
6796
37372
9675
61806
51235
45212
63856
42335
29926
29552
3438
57548
12786
64776
29986
14953
15815
60734
58692
37132
58530
54380
17594
12561
36179
19461
28648
33795
35607
32439
19328
7024
23289
39430
14421
22149
54361
10856
18865
56832
9645
13850
18910
59687
27007
33239
20654
33634
14746
33249
7364
37612
37
20915
23912
2010
19907
43309
63370
40474
12679
12223
4028
57086
18765
4302
15416
21942
59292
8486
57515
8213
32113
53038
63528
30829
17096
6135
52368
30762
34377
44416
37921
64499
54275
49046
8639
15072
20978
37980
45514
43526
59534
30780
1855
11631
33486
62229
6854
18097
28047
37333
23172
61809
32447
42274
9456
40312
41772
52935
46669
18267
697
5469
5785
2434
28678
63362
53276
47807
65289
58112
58564
51958
42786
53211
56552
44235
54816
6299
7340
49692
64426
3987
22777
7060
54470
6508
59676
63214
44817
6034
25109
63254
57354
50642
60267
43567
16253
64938
52840
20240
57934
64452
3871
35653
32141
12536
19923
10009
30268
33936
38526
5198
31192
26925
11913
18570
43923
46393
23973
64574
43962
52061
53547
64558
34576
33602
47329
9477
35923
12060
29632
12239
3043
37827
25172
27130
41411
14072
48705
11776
12909
55047
41531
14611
40970
32692
26266
47313
11593
38683
15452
61352
54818
33216
21837
2631
49867
31755
46167
35269
38698
57551
61217
63412
20092
60597
10749
20813
45246
52631
35722
14183
13130
24422
26079
57458
18650
52749
43689
37434
9311
41406
44467
63804
44761
47281
12576
40181
45028
56186
40775
27176
50293
61371
51984
28574
58398
5156
40987
30246
42200
61756
39676
45851
48301
20443
26343
64618
6428
8580
33904
18376
17110
60313
50061
60123
15065
19801
46491
47588
61734
48569
4436
23588
24211
49636
36423
45807
63446
41889
44644
8353
291
73
42447
39276
29870
37323
27358
22453
64638
861
32017
39573
36467
61343
8451
11580
47460
50665
23664
27635
43256
1220
36690
50474
27878
14450
63835
11505
38001
33262
7304
56720
45511
7535
49672
62164
44961
47942
25828
46478
63263
21350
6465
46004
29180
65266
20272
21996
20188
60519
24435
30557
47062
36443
61266
28267
8178
4799
24938
61239
30778
9528
43900
39163
8535
8956
43112
55444
16651
42359
61500
64108
52268
37771
12913
55056
62320
29588
16122
58961
9375
14976
19721
50902
49100
19187
35243
25114
21106
17004
42947
57600
19892
54852
40394
8613
817
42805
14162
28252
20893
9240
55251
56779
63862
25701
11511
12114
36673
9243
30683
45993
32220
38496
6543
4526
27888
46503
46851
37290
40820
45167
20112
18325
51535
29862
11475
38282
21200
37279
45751
21736
47664
24037
10955
42217
34831
45775
35643
12992
14478
39009
29615
30737
16758
57470
11717
15093
33501
11565
7001
50452
36213
62252
10879
10163
11304
15339
27420
14183
2094
49495
16639
5538
25534
17929
24069
26251
12771
5748
24031
8482
65119
32568
42875
3203
30931
53871
62007
59802
12073
44486
15891
21274
20086
30077
12655
65508
43966
2515
5020
11573
282
17504
9463
1863
11355
46741
64171
22461
23634
57703
4327
6816
54748
58649
47413
52186
17344
44731
22441
55698
8421
27694
61187
8836
38172
36558
58904
23527
16049
42366
50688
42928
40850
40954
13491
11146
53552
44017
22971
41366
26570
24752
5607
20392
2439
43992
25237
40659
49475
16813
56447
26098
58642
53652
63602
29798
65222
3111
57523
49424
20087
34723
12279
62167
40221
43503
3456
34223
23926
8524
60557
16377
54370
52701
60204
51660
52602
50007
32981
12559
28028
45858
36647
52250
2077
22661
40494
63329
37544
43589
62633
29610
52761
41914
41853
61295
37672
29415
33994
27190
40557
3600
37476
26964
47986
29083
65508
19879
30878
41783
53636
53015
29817
43362
36228
42959
31832
51939
27021
41958
54756
166
29497
38233
13804
45623
39461
30084
47194
49595
54789
18293
7256
1107
31472
65385
7726
30528
62793
54720
58082
34183
56396
27996
31251
15595
33112
10339
50552
24789
49791
57717
62632
23966
2850
7293
58446
31669
42338
8170
21236
40902
3484
26433
6265
61512
5598
35082
35136
61794
48332
9832
26749
57980
35260
22582
22217
15689
39343
32468
26888
16570
54673
29921
32833
4970
50514
9360
